  1.00000000   0.96446195   1.68888476 103.00000000 
  2.00000000   0.95946195   1.68888476 103.00000000 
  3.00000000   0.96946195   1.68888476 103.00000000 
  4.00000000   0.95446195   1.68888476 103.00000000 
  5.00000000   0.97446195   1.68888476 103.00000000 
  6.00000000   0.94946195   1.68888476 103.00000000 
  7.00000000   0.97946195   1.68888476 103.00000000 
  8.00000000   0.94446195   1.68888476 103.00000000 
  9.00000000   0.98446195   1.68888476 103.00000000 
 10.00000000   0.93946195   1.68888476 103.00000000 
 11.00000000   0.98946195   1.68888476 103.00000000 
 12.00000000   0.93446195   1.68888476 103.00000000 
 13.00000000   0.99446195   1.68888476 103.00000000 
 14.00000000   0.92946195   1.68888476 103.00000000 
 15.00000000   0.99946195   1.68888476 103.00000000 
 16.00000000   0.92446195   1.68888476 103.00000000 
 17.00000000   1.00446195   1.68888476 103.00000000 
 18.00000000   0.91946195   1.68888476 103.00000000 
 19.00000000   1.00946195   1.68888476 103.00000000 
 20.00000000   0.91446195   1.68888476 103.00000000 
 21.00000000   1.01446195   1.68888476 103.00000000 
 22.00000000   0.90946195   1.68888476 103.00000000 
 23.00000000   1.01946195   1.68888476 103.00000000 
 24.00000000   0.90446195   1.68888476 103.00000000 
 25.00000000   1.02446195   1.68888476 103.00000000 
 26.00000000   0.89946195   1.68888476 103.00000000 
 27.00000000   1.02946195   1.68888476 103.00000000 
 28.00000000   0.89446195   1.68888476 103.00000000 
 29.00000000   1.03446195   1.68888476 103.00000000 
 30.00000000   0.88946195   1.68888476 103.00000000 
 31.00000000   1.03946195   1.68888476 103.00000000 
 32.00000000   0.88446195   1.68888476 103.00000000 
 33.00000000   1.04446195   1.68888476 103.00000000 
 34.00000000   0.87946195   1.68888476 103.00000000 
 35.00000000   1.04946195   1.68888476 103.00000000 
 36.00000000   0.87446195   1.68888476 103.00000000 
 37.00000000   1.05446195   1.68888476 103.00000000 
 38.00000000   0.86946195   1.68888476 103.00000000 
 39.00000000   1.05946195   1.68888476 103.00000000 
 40.00000000   0.86446195   1.68888476 103.00000000 
 41.00000000   1.06446195   1.68888476 103.00000000 
 42.00000000   0.85446195   1.68888476 103.00000000 
 43.00000000   1.07446195   1.68888476 103.00000000 
 44.00000000   0.84446195   1.68888476 103.00000000 
 45.00000000   1.08446195   1.68888476 103.00000000 
 46.00000000   1.08946195   1.68888476 103.00000000 
 47.00000000   0.83946195   1.68888476 103.00000000 
 48.00000000   1.11446195   1.68888476 103.00000000 
 49.00000000   0.81446195   1.68888476 103.00000000 
 50.00000000   0.76446195   1.68888476 103.00000000 
 51.00000000   1.26446195   1.68888476 103.00000000 
 52.00000000   0.66446195   1.68888476 103.00000000 
 53.00000000   1.36446195   1.68888476 103.00000000 
 54.00000000   0.56446195   1.68888476 103.00000000 
 55.00000000   1.46446195   1.68888476 103.00000000 
 56.00000000   1.56446195   1.68888476 103.00000000 
 57.00000000   1.66446195   1.68888476 103.00000000 
 58.00000000   1.76446195   1.68888476 103.00000000 
 59.00000000   1.86446195   1.68888476 103.00000000 
 60.00000000   1.96446195   1.68888476 103.00000000 
 61.00000000   0.96446195   1.68388476 103.00000000 
 62.00000000   0.96446195   1.69388476 103.00000000 
 63.00000000   0.96446195   1.67888476 103.00000000 
 64.00000000   0.96446195   1.69888476 103.00000000 
 65.00000000   0.96446195   1.67388476 103.00000000 
 66.00000000   0.96446195   1.70388476 103.00000000 
 67.00000000   0.96446195   1.66888476 103.00000000 
 68.00000000   0.96446195   1.70888476 103.00000000 
 69.00000000   0.96446195   1.66388476 103.00000000 
 70.00000000   0.96446195   1.71388476 103.00000000 
 71.00000000   0.96446195   1.65888476 103.00000000 
 72.00000000   0.96446195   1.71888476 103.00000000 
 73.00000000   0.96446195   1.65388476 103.00000000 
 74.00000000   0.96446195   1.72388476 103.00000000 
 75.00000000   0.96446195   1.64888476 103.00000000 
 76.00000000   0.96446195   1.72888476 103.00000000 
 77.00000000   0.96446195   1.64388476 103.00000000 
 78.00000000   0.96446195   1.73388476 103.00000000 
 79.00000000   0.96446195   1.63888476 103.00000000 
 80.00000000   0.96446195   1.73888476 103.00000000 
 81.00000000   0.96446195   1.63388476 103.00000000 
 82.00000000   0.96446195   1.74388476 103.00000000 
 83.00000000   0.96446195   1.62888476 103.00000000 
 84.00000000   0.96446195   1.74888476 103.00000000 
 85.00000000   0.96446195   1.62388476 103.00000000 
 86.00000000   0.96446195   1.75388476 103.00000000 
 87.00000000   0.96446195   1.61888476 103.00000000 
 88.00000000   0.96446195   1.75888476 103.00000000 
 89.00000000   0.96446195   1.61388476 103.00000000 
 90.00000000   0.96446195   1.76388476 103.00000000 
 91.00000000   0.96446195   1.60888476 103.00000000 
 92.00000000   0.96446195   1.76888476 103.00000000 
 93.00000000   0.96446195   1.60388476 103.00000000 
 94.00000000   0.96446195   1.77388476 103.00000000 
 95.00000000   0.96446195   1.59888476 103.00000000 
 96.00000000   0.96446195   1.77888476 103.00000000 
 97.00000000   0.96446195   1.59388476 103.00000000 
 98.00000000   0.96446195   1.78388476 103.00000000 
 99.00000000   0.96446195   1.58888476 103.00000000 
100.00000000   0.96446195   1.78888476 103.00000000 
101.00000000   0.96446195   1.57888476 103.00000000 
102.00000000   0.96446195   1.79888476 103.00000000 
103.00000000   0.96446195   1.56888476 103.00000000 
104.00000000   0.96446195   1.80888476 103.00000000 
105.00000000   0.96446195   1.81388476 103.00000000 
106.00000000   0.96446195   1.56388476 103.00000000 
107.00000000   0.96446195   1.83888476 103.00000000 
108.00000000   0.96446195   1.53888476 103.00000000 
109.00000000   0.96446195   1.48888476 103.00000000 
110.00000000   0.96446195   1.98888476 103.00000000 
111.00000000   0.96446195   1.38888476 103.00000000 
112.00000000   0.96446195   2.08888476 103.00000000 
113.00000000   0.96446195   1.28888476 103.00000000 
114.00000000   0.96446195   2.18888476 103.00000000 
115.00000000   0.96446195   2.28888476 103.00000000 
116.00000000   0.96446195   2.38888476 103.00000000 
117.00000000   0.96446195   2.48888476 103.00000000 
118.00000000   0.96446195   2.58888476 103.00000000 
119.00000000   0.96446195   2.68888476 103.00000000 
120.00000000   0.96446195   1.68888476 104.00000000 
121.00000000   0.96446195   1.68888476 102.00000000 
122.00000000   0.96446195   1.68888476 105.00000000 
123.00000000   0.96446195   1.68888476 101.00000000 
124.00000000   0.96446195   1.68888476 105.50000000 
125.00000000   0.96446195   1.68888476 100.50000000 
126.00000000   0.96446195   1.68888476 106.00000000 
127.00000000   0.96446195   1.68888476 100.00000000 
128.00000000   0.96446195   1.68888476 107.00000000 
129.00000000   0.96446195   1.68888476  98.00000000 
130.00000000   0.96446195   1.68888476 108.00000000 
131.00000000   0.96446195   1.68888476  98.00000000 
132.00000000   0.96446195   1.68888476 110.50000000 
133.00000000   0.96446195   1.68888476  95.50000000 
134.00000000   0.96446195   1.68888476  93.00000000 
135.00000000   0.96446195   1.68888476 115.50000000 
136.00000000   0.96446195   1.68888476  90.50000000 
137.00000000   0.96446195   1.68888476 118.00000000 
138.00000000   0.96446195   1.68888476  88.00000000 
139.00000000   0.96446195   1.68888476 120.50000000 
140.00000000   0.96446195   1.68888476  85.50000000 
141.00000000   0.96446195   1.68888476 123.00000000 
142.00000000   0.96446195   1.68888476  83.00000000 
143.00000000   0.96446195   1.68888476 125.50000000 
144.00000000   0.96446195   1.68888476  80.50000000 
145.00000000   0.96446195   1.68888476 128.00000000 
146.00000000   0.96446195   1.68888476  78.00000000 
147.00000000   0.96446195   1.68888476 133.00000000 
148.00000000   0.96446195   1.68888476  73.00000000 
149.00000000   0.96446195   1.68888476 138.00000000 
150.00000000   0.96446195   1.68888476  68.00000000 
151.00000000   0.96446195   1.68888476 143.00000000 
152.00000000   0.96446195   1.68888476  63.00000000 
153.00000000   0.96446195   1.68888476 148.00000000 
154.00000000   0.96446195   1.68888476  58.00000000 
155.00000000   0.96446195   1.68888476 153.00000000 
156.00000000   0.96446195   1.68888476  53.00000000 
157.00000000   0.96446195   1.68888476 163.00000000 
158.00000000   0.96446195   1.68888476  43.00000000 
159.00000000   0.96446195   1.68888476 173.00000000 
160.00000000   0.96446195   1.68888476  33.00000000 
161.00000000   0.96446195   1.68888476 180.00000000 
162.00000000   0.96446195   1.68888476  23.00000000 
