6163.00000000   0.50000000   1.68888476 103.00000000 
6164.00000000   0.50753769   1.68888476 103.00000000 
6165.00000000   0.51507538   1.68888476 103.00000000 
6166.00000000   0.52261307   1.68888476 103.00000000 
6167.00000000   0.53015075   1.68888476 103.00000000 
6168.00000000   0.53768844   1.68888476 103.00000000 
6169.00000000   0.54522613   1.68888476 103.00000000 
6170.00000000   0.55276382   1.68888476 103.00000000 
6171.00000000   0.56030151   1.68888476 103.00000000 
6172.00000000   0.56783920   1.68888476 103.00000000 
6173.00000000   0.57537688   1.68888476 103.00000000 
6174.00000000   0.58291457   1.68888476 103.00000000 
6175.00000000   0.59045226   1.68888476 103.00000000 
6176.00000000   0.59798995   1.68888476 103.00000000 
6177.00000000   0.60552764   1.68888476 103.00000000 
6178.00000000   0.61306533   1.68888476 103.00000000 
6179.00000000   0.62060302   1.68888476 103.00000000 
6180.00000000   0.62814070   1.68888476 103.00000000 
6181.00000000   0.63567839   1.68888476 103.00000000 
6182.00000000   0.64321608   1.68888476 103.00000000 
6183.00000000   0.65075377   1.68888476 103.00000000 
6184.00000000   0.65829146   1.68888476 103.00000000 
6185.00000000   0.66582915   1.68888476 103.00000000 
6186.00000000   0.67336683   1.68888476 103.00000000 
6187.00000000   0.68090452   1.68888476 103.00000000 
6188.00000000   0.68844221   1.68888476 103.00000000 
6189.00000000   0.69597990   1.68888476 103.00000000 
6190.00000000   0.70351759   1.68888476 103.00000000 
6191.00000000   0.71105528   1.68888476 103.00000000 
6192.00000000   0.71859296   1.68888476 103.00000000 
6193.00000000   0.72613065   1.68888476 103.00000000 
6194.00000000   0.73366834   1.68888476 103.00000000 
6195.00000000   0.74120603   1.68888476 103.00000000 
6196.00000000   0.74874372   1.68888476 103.00000000 
6197.00000000   0.75628141   1.68888476 103.00000000 
6198.00000000   0.76381910   1.68888476 103.00000000 
6199.00000000   0.77135678   1.68888476 103.00000000 
6200.00000000   0.77889447   1.68888476 103.00000000 
6201.00000000   0.78643216   1.68888476 103.00000000 
6202.00000000   0.79396985   1.68888476 103.00000000 
6203.00000000   0.80150754   1.68888476 103.00000000 
6204.00000000   0.80904523   1.68888476 103.00000000 
6205.00000000   0.81658291   1.68888476 103.00000000 
6206.00000000   0.82412060   1.68888476 103.00000000 
6207.00000000   0.83165829   1.68888476 103.00000000 
6208.00000000   0.83919598   1.68888476 103.00000000 
6209.00000000   0.84673367   1.68888476 103.00000000 
6210.00000000   0.85427136   1.68888476 103.00000000 
6211.00000000   0.86180905   1.68888476 103.00000000 
6212.00000000   0.86934673   1.68888476 103.00000000 
6213.00000000   0.87688442   1.68888476 103.00000000 
6214.00000000   0.88442211   1.68888476 103.00000000 
6215.00000000   0.89195980   1.68888476 103.00000000 
6216.00000000   0.89949749   1.68888476 103.00000000 
6217.00000000   0.90703518   1.68888476 103.00000000 
6218.00000000   0.91457286   1.68888476 103.00000000 
6219.00000000   0.92211055   1.68888476 103.00000000 
6220.00000000   0.92964824   1.68888476 103.00000000 
6221.00000000   0.93718593   1.68888476 103.00000000 
6222.00000000   0.94472362   1.68888476 103.00000000 
6223.00000000   0.95226131   1.68888476 103.00000000 
6224.00000000   0.95979899   1.68888476 103.00000000 
6225.00000000   0.96733668   1.68888476 103.00000000 
6226.00000000   0.97487437   1.68888476 103.00000000 
6227.00000000   0.98241206   1.68888476 103.00000000 
6228.00000000   0.98994975   1.68888476 103.00000000 
6229.00000000   0.99748744   1.68888476 103.00000000 
6230.00000000   1.00502513   1.68888476 103.00000000 
6231.00000000   1.01256281   1.68888476 103.00000000 
6232.00000000   1.02010050   1.68888476 103.00000000 
6233.00000000   1.02763819   1.68888476 103.00000000 
6234.00000000   1.03517588   1.68888476 103.00000000 
6235.00000000   1.04271357   1.68888476 103.00000000 
6236.00000000   1.05025126   1.68888476 103.00000000 
6237.00000000   1.05778894   1.68888476 103.00000000 
6238.00000000   1.06532663   1.68888476 103.00000000 
6239.00000000   1.07286432   1.68888476 103.00000000 
6240.00000000   1.08040201   1.68888476 103.00000000 
6241.00000000   1.08793970   1.68888476 103.00000000 
6242.00000000   1.09547739   1.68888476 103.00000000 
6243.00000000   1.10301508   1.68888476 103.00000000 
6244.00000000   1.11055276   1.68888476 103.00000000 
6245.00000000   1.11809045   1.68888476 103.00000000 
6246.00000000   1.12562814   1.68888476 103.00000000 
6247.00000000   1.13316583   1.68888476 103.00000000 
6248.00000000   1.14070352   1.68888476 103.00000000 
6249.00000000   1.14824121   1.68888476 103.00000000 
6250.00000000   1.15577889   1.68888476 103.00000000 
6251.00000000   1.16331658   1.68888476 103.00000000 
6252.00000000   1.17085427   1.68888476 103.00000000 
6253.00000000   1.17839196   1.68888476 103.00000000 
6254.00000000   1.18592965   1.68888476 103.00000000 
6255.00000000   1.19346734   1.68888476 103.00000000 
6256.00000000   1.20100503   1.68888476 103.00000000 
6257.00000000   1.20854271   1.68888476 103.00000000 
6258.00000000   1.21608040   1.68888476 103.00000000 
6259.00000000   1.22361809   1.68888476 103.00000000 
6260.00000000   1.23115578   1.68888476 103.00000000 
6261.00000000   1.23869347   1.68888476 103.00000000 
6262.00000000   1.24623116   1.68888476 103.00000000 
6263.00000000   1.25376884   1.68888476 103.00000000 
6264.00000000   1.26130653   1.68888476 103.00000000 
6265.00000000   1.26884422   1.68888476 103.00000000 
6266.00000000   1.27638191   1.68888476 103.00000000 
6267.00000000   1.28391960   1.68888476 103.00000000 
6268.00000000   1.29145729   1.68888476 103.00000000 
6269.00000000   1.29899497   1.68888476 103.00000000 
6270.00000000   1.30653266   1.68888476 103.00000000 
6271.00000000   1.31407035   1.68888476 103.00000000 
6272.00000000   1.32160804   1.68888476 103.00000000 
6273.00000000   1.32914573   1.68888476 103.00000000 
6274.00000000   1.33668342   1.68888476 103.00000000 
6275.00000000   1.34422111   1.68888476 103.00000000 
6276.00000000   1.35175879   1.68888476 103.00000000 
6277.00000000   1.35929648   1.68888476 103.00000000 
6278.00000000   1.36683417   1.68888476 103.00000000 
6279.00000000   1.37437186   1.68888476 103.00000000 
6280.00000000   1.38190955   1.68888476 103.00000000 
6281.00000000   1.38944724   1.68888476 103.00000000 
6282.00000000   1.39698492   1.68888476 103.00000000 
6283.00000000   1.40452261   1.68888476 103.00000000 
6284.00000000   1.41206030   1.68888476 103.00000000 
6285.00000000   1.41959799   1.68888476 103.00000000 
6286.00000000   1.42713568   1.68888476 103.00000000 
6287.00000000   1.43467337   1.68888476 103.00000000 
6288.00000000   1.44221106   1.68888476 103.00000000 
6289.00000000   1.44974874   1.68888476 103.00000000 
6290.00000000   1.45728643   1.68888476 103.00000000 
6291.00000000   1.46482412   1.68888476 103.00000000 
6292.00000000   1.47236181   1.68888476 103.00000000 
6293.00000000   1.47989950   1.68888476 103.00000000 
6294.00000000   1.48743719   1.68888476 103.00000000 
6295.00000000   1.49497487   1.68888476 103.00000000 
6296.00000000   1.50251256   1.68888476 103.00000000 
6297.00000000   1.51005025   1.68888476 103.00000000 
6298.00000000   1.51758794   1.68888476 103.00000000 
6299.00000000   1.52512563   1.68888476 103.00000000 
6300.00000000   1.53266332   1.68888476 103.00000000 
6301.00000000   1.54020101   1.68888476 103.00000000 
6302.00000000   1.54773869   1.68888476 103.00000000 
6303.00000000   1.55527638   1.68888476 103.00000000 
6304.00000000   1.56281407   1.68888476 103.00000000 
6305.00000000   1.57035176   1.68888476 103.00000000 
6306.00000000   1.57788945   1.68888476 103.00000000 
6307.00000000   1.58542714   1.68888476 103.00000000 
6308.00000000   1.59296482   1.68888476 103.00000000 
6309.00000000   1.60050251   1.68888476 103.00000000 
6310.00000000   1.60804020   1.68888476 103.00000000 
6311.00000000   1.61557789   1.68888476 103.00000000 
6312.00000000   1.62311558   1.68888476 103.00000000 
6313.00000000   1.63065327   1.68888476 103.00000000 
6314.00000000   1.63819095   1.68888476 103.00000000 
6315.00000000   1.64572864   1.68888476 103.00000000 
6316.00000000   1.65326633   1.68888476 103.00000000 
6317.00000000   1.66080402   1.68888476 103.00000000 
6318.00000000   1.66834171   1.68888476 103.00000000 
6319.00000000   1.67587940   1.68888476 103.00000000 
6320.00000000   1.68341709   1.68888476 103.00000000 
6321.00000000   1.69095477   1.68888476 103.00000000 
6322.00000000   1.69849246   1.68888476 103.00000000 
6323.00000000   1.70603015   1.68888476 103.00000000 
6324.00000000   1.71356784   1.68888476 103.00000000 
6325.00000000   1.72110553   1.68888476 103.00000000 
6326.00000000   1.72864322   1.68888476 103.00000000 
6327.00000000   1.73618090   1.68888476 103.00000000 
6328.00000000   1.74371859   1.68888476 103.00000000 
6329.00000000   1.75125628   1.68888476 103.00000000 
6330.00000000   1.75879397   1.68888476 103.00000000 
6331.00000000   1.76633166   1.68888476 103.00000000 
6332.00000000   1.77386935   1.68888476 103.00000000 
6333.00000000   1.78140704   1.68888476 103.00000000 
6334.00000000   1.78894472   1.68888476 103.00000000 
6335.00000000   1.79648241   1.68888476 103.00000000 
6336.00000000   1.80402010   1.68888476 103.00000000 
6337.00000000   1.81155779   1.68888476 103.00000000 
6338.00000000   1.81909548   1.68888476 103.00000000 
6339.00000000   1.82663317   1.68888476 103.00000000 
6340.00000000   1.83417085   1.68888476 103.00000000 
6341.00000000   1.84170854   1.68888476 103.00000000 
6342.00000000   1.84924623   1.68888476 103.00000000 
6343.00000000   1.85678392   1.68888476 103.00000000 
6344.00000000   1.86432161   1.68888476 103.00000000 
6345.00000000   1.87185930   1.68888476 103.00000000 
6346.00000000   1.87939698   1.68888476 103.00000000 
6347.00000000   1.88693467   1.68888476 103.00000000 
6348.00000000   1.89447236   1.68888476 103.00000000 
6349.00000000   1.90201005   1.68888476 103.00000000 
6350.00000000   1.90954774   1.68888476 103.00000000 
6351.00000000   1.91708543   1.68888476 103.00000000 
6352.00000000   1.92462312   1.68888476 103.00000000 
6353.00000000   1.93216080   1.68888476 103.00000000 
6354.00000000   1.93969849   1.68888476 103.00000000 
6355.00000000   1.94723618   1.68888476 103.00000000 
6356.00000000   1.95477387   1.68888476 103.00000000 
6357.00000000   1.96231156   1.68888476 103.00000000 
6358.00000000   1.96984925   1.68888476 103.00000000 
6359.00000000   1.97738693   1.68888476 103.00000000 
6360.00000000   1.98492462   1.68888476 103.00000000 
6361.00000000   1.99246231   1.68888476 103.00000000 
6362.00000000   2.00000000   1.68888476 103.00000000 
6363.00000000   0.96446195   1.25000000 103.00000000 
6364.00000000   0.96446195   1.25628141 103.00000000 
6365.00000000   0.96446195   1.26256281 103.00000000 
6366.00000000   0.96446195   1.26884422 103.00000000 
6367.00000000   0.96446195   1.27512563 103.00000000 
6368.00000000   0.96446195   1.28140704 103.00000000 
6369.00000000   0.96446195   1.28768844 103.00000000 
6370.00000000   0.96446195   1.29396985 103.00000000 
6371.00000000   0.96446195   1.30025126 103.00000000 
6372.00000000   0.96446195   1.30653266 103.00000000 
6373.00000000   0.96446195   1.31281407 103.00000000 
6374.00000000   0.96446195   1.31909548 103.00000000 
6375.00000000   0.96446195   1.32537688 103.00000000 
6376.00000000   0.96446195   1.33165829 103.00000000 
6377.00000000   0.96446195   1.33793970 103.00000000 
6378.00000000   0.96446195   1.34422111 103.00000000 
6379.00000000   0.96446195   1.35050251 103.00000000 
6380.00000000   0.96446195   1.35678392 103.00000000 
6381.00000000   0.96446195   1.36306533 103.00000000 
6382.00000000   0.96446195   1.36934673 103.00000000 
6383.00000000   0.96446195   1.37562814 103.00000000 
6384.00000000   0.96446195   1.38190955 103.00000000 
6385.00000000   0.96446195   1.38819095 103.00000000 
6386.00000000   0.96446195   1.39447236 103.00000000 
6387.00000000   0.96446195   1.40075377 103.00000000 
6388.00000000   0.96446195   1.40703518 103.00000000 
6389.00000000   0.96446195   1.41331658 103.00000000 
6390.00000000   0.96446195   1.41959799 103.00000000 
6391.00000000   0.96446195   1.42587940 103.00000000 
6392.00000000   0.96446195   1.43216080 103.00000000 
6393.00000000   0.96446195   1.43844221 103.00000000 
6394.00000000   0.96446195   1.44472362 103.00000000 
6395.00000000   0.96446195   1.45100503 103.00000000 
6396.00000000   0.96446195   1.45728643 103.00000000 
6397.00000000   0.96446195   1.46356784 103.00000000 
6398.00000000   0.96446195   1.46984925 103.00000000 
6399.00000000   0.96446195   1.47613065 103.00000000 
6400.00000000   0.96446195   1.48241206 103.00000000 
6401.00000000   0.96446195   1.48869347 103.00000000 
6402.00000000   0.96446195   1.49497487 103.00000000 
6403.00000000   0.96446195   1.50125628 103.00000000 
6404.00000000   0.96446195   1.50753769 103.00000000 
6405.00000000   0.96446195   1.51381910 103.00000000 
6406.00000000   0.96446195   1.52010050 103.00000000 
6407.00000000   0.96446195   1.52638191 103.00000000 
6408.00000000   0.96446195   1.53266332 103.00000000 
6409.00000000   0.96446195   1.53894472 103.00000000 
6410.00000000   0.96446195   1.54522613 103.00000000 
6411.00000000   0.96446195   1.55150754 103.00000000 
6412.00000000   0.96446195   1.55778894 103.00000000 
6413.00000000   0.96446195   1.56407035 103.00000000 
6414.00000000   0.96446195   1.57035176 103.00000000 
6415.00000000   0.96446195   1.57663317 103.00000000 
6416.00000000   0.96446195   1.58291457 103.00000000 
6417.00000000   0.96446195   1.58919598 103.00000000 
6418.00000000   0.96446195   1.59547739 103.00000000 
6419.00000000   0.96446195   1.60175879 103.00000000 
6420.00000000   0.96446195   1.60804020 103.00000000 
6421.00000000   0.96446195   1.61432161 103.00000000 
6422.00000000   0.96446195   1.62060302 103.00000000 
6423.00000000   0.96446195   1.62688442 103.00000000 
6424.00000000   0.96446195   1.63316583 103.00000000 
6425.00000000   0.96446195   1.63944724 103.00000000 
6426.00000000   0.96446195   1.64572864 103.00000000 
6427.00000000   0.96446195   1.65201005 103.00000000 
6428.00000000   0.96446195   1.65829146 103.00000000 
6429.00000000   0.96446195   1.66457286 103.00000000 
6430.00000000   0.96446195   1.67085427 103.00000000 
6431.00000000   0.96446195   1.67713568 103.00000000 
6432.00000000   0.96446195   1.68341709 103.00000000 
6433.00000000   0.96446195   1.68969849 103.00000000 
6434.00000000   0.96446195   1.69597990 103.00000000 
6435.00000000   0.96446195   1.70226131 103.00000000 
6436.00000000   0.96446195   1.70854271 103.00000000 
6437.00000000   0.96446195   1.71482412 103.00000000 
6438.00000000   0.96446195   1.72110553 103.00000000 
6439.00000000   0.96446195   1.72738693 103.00000000 
6440.00000000   0.96446195   1.73366834 103.00000000 
6441.00000000   0.96446195   1.73994975 103.00000000 
6442.00000000   0.96446195   1.74623116 103.00000000 
6443.00000000   0.96446195   1.75251256 103.00000000 
6444.00000000   0.96446195   1.75879397 103.00000000 
6445.00000000   0.96446195   1.76507538 103.00000000 
6446.00000000   0.96446195   1.77135678 103.00000000 
6447.00000000   0.96446195   1.77763819 103.00000000 
6448.00000000   0.96446195   1.78391960 103.00000000 
6449.00000000   0.96446195   1.79020101 103.00000000 
6450.00000000   0.96446195   1.79648241 103.00000000 
6451.00000000   0.96446195   1.80276382 103.00000000 
6452.00000000   0.96446195   1.80904523 103.00000000 
6453.00000000   0.96446195   1.81532663 103.00000000 
6454.00000000   0.96446195   1.82160804 103.00000000 
6455.00000000   0.96446195   1.82788945 103.00000000 
6456.00000000   0.96446195   1.83417085 103.00000000 
6457.00000000   0.96446195   1.84045226 103.00000000 
6458.00000000   0.96446195   1.84673367 103.00000000 
6459.00000000   0.96446195   1.85301508 103.00000000 
6460.00000000   0.96446195   1.85929648 103.00000000 
6461.00000000   0.96446195   1.86557789 103.00000000 
6462.00000000   0.96446195   1.87185930 103.00000000 
6463.00000000   0.96446195   1.87814070 103.00000000 
6464.00000000   0.96446195   1.88442211 103.00000000 
6465.00000000   0.96446195   1.89070352 103.00000000 
6466.00000000   0.96446195   1.89698492 103.00000000 
6467.00000000   0.96446195   1.90326633 103.00000000 
6468.00000000   0.96446195   1.90954774 103.00000000 
6469.00000000   0.96446195   1.91582915 103.00000000 
6470.00000000   0.96446195   1.92211055 103.00000000 
6471.00000000   0.96446195   1.92839196 103.00000000 
6472.00000000   0.96446195   1.93467337 103.00000000 
6473.00000000   0.96446195   1.94095477 103.00000000 
6474.00000000   0.96446195   1.94723618 103.00000000 
6475.00000000   0.96446195   1.95351759 103.00000000 
6476.00000000   0.96446195   1.95979899 103.00000000 
6477.00000000   0.96446195   1.96608040 103.00000000 
6478.00000000   0.96446195   1.97236181 103.00000000 
6479.00000000   0.96446195   1.97864322 103.00000000 
6480.00000000   0.96446195   1.98492462 103.00000000 
6481.00000000   0.96446195   1.99120603 103.00000000 
6482.00000000   0.96446195   1.99748744 103.00000000 
6483.00000000   0.96446195   2.00376884 103.00000000 
6484.00000000   0.96446195   2.01005025 103.00000000 
6485.00000000   0.96446195   2.01633166 103.00000000 
6486.00000000   0.96446195   2.02261307 103.00000000 
6487.00000000   0.96446195   2.02889447 103.00000000 
6488.00000000   0.96446195   2.03517588 103.00000000 
6489.00000000   0.96446195   2.04145729 103.00000000 
6490.00000000   0.96446195   2.04773869 103.00000000 
6491.00000000   0.96446195   2.05402010 103.00000000 
6492.00000000   0.96446195   2.06030151 103.00000000 
6493.00000000   0.96446195   2.06658291 103.00000000 
6494.00000000   0.96446195   2.07286432 103.00000000 
6495.00000000   0.96446195   2.07914573 103.00000000 
6496.00000000   0.96446195   2.08542714 103.00000000 
6497.00000000   0.96446195   2.09170854 103.00000000 
6498.00000000   0.96446195   2.09798995 103.00000000 
6499.00000000   0.96446195   2.10427136 103.00000000 
6500.00000000   0.96446195   2.11055276 103.00000000 
6501.00000000   0.96446195   2.11683417 103.00000000 
6502.00000000   0.96446195   2.12311558 103.00000000 
6503.00000000   0.96446195   2.12939698 103.00000000 
6504.00000000   0.96446195   2.13567839 103.00000000 
6505.00000000   0.96446195   2.14195980 103.00000000 
6506.00000000   0.96446195   2.14824121 103.00000000 
6507.00000000   0.96446195   2.15452261 103.00000000 
6508.00000000   0.96446195   2.16080402 103.00000000 
6509.00000000   0.96446195   2.16708543 103.00000000 
6510.00000000   0.96446195   2.17336683 103.00000000 
6511.00000000   0.96446195   2.17964824 103.00000000 
6512.00000000   0.96446195   2.18592965 103.00000000 
6513.00000000   0.96446195   2.19221106 103.00000000 
6514.00000000   0.96446195   2.19849246 103.00000000 
6515.00000000   0.96446195   2.20477387 103.00000000 
6516.00000000   0.96446195   2.21105528 103.00000000 
6517.00000000   0.96446195   2.21733668 103.00000000 
6518.00000000   0.96446195   2.22361809 103.00000000 
6519.00000000   0.96446195   2.22989950 103.00000000 
6520.00000000   0.96446195   2.23618090 103.00000000 
6521.00000000   0.96446195   2.24246231 103.00000000 
6522.00000000   0.96446195   2.24874372 103.00000000 
6523.00000000   0.96446195   2.25502513 103.00000000 
6524.00000000   0.96446195   2.26130653 103.00000000 
6525.00000000   0.96446195   2.26758794 103.00000000 
6526.00000000   0.96446195   2.27386935 103.00000000 
6527.00000000   0.96446195   2.28015075 103.00000000 
6528.00000000   0.96446195   2.28643216 103.00000000 
6529.00000000   0.96446195   2.29271357 103.00000000 
6530.00000000   0.96446195   2.29899497 103.00000000 
6531.00000000   0.96446195   2.30527638 103.00000000 
6532.00000000   0.96446195   2.31155779 103.00000000 
6533.00000000   0.96446195   2.31783920 103.00000000 
6534.00000000   0.96446195   2.32412060 103.00000000 
6535.00000000   0.96446195   2.33040201 103.00000000 
6536.00000000   0.96446195   2.33668342 103.00000000 
6537.00000000   0.96446195   2.34296482 103.00000000 
6538.00000000   0.96446195   2.34924623 103.00000000 
6539.00000000   0.96446195   2.35552764 103.00000000 
6540.00000000   0.96446195   2.36180905 103.00000000 
6541.00000000   0.96446195   2.36809045 103.00000000 
6542.00000000   0.96446195   2.37437186 103.00000000 
6543.00000000   0.96446195   2.38065327 103.00000000 
6544.00000000   0.96446195   2.38693467 103.00000000 
6545.00000000   0.96446195   2.39321608 103.00000000 
6546.00000000   0.96446195   2.39949749 103.00000000 
6547.00000000   0.96446195   2.40577889 103.00000000 
6548.00000000   0.96446195   2.41206030 103.00000000 
6549.00000000   0.96446195   2.41834171 103.00000000 
6550.00000000   0.96446195   2.42462312 103.00000000 
6551.00000000   0.96446195   2.43090452 103.00000000 
6552.00000000   0.96446195   2.43718593 103.00000000 
6553.00000000   0.96446195   2.44346734 103.00000000 
6554.00000000   0.96446195   2.44974874 103.00000000 
6555.00000000   0.96446195   2.45603015 103.00000000 
6556.00000000   0.96446195   2.46231156 103.00000000 
6557.00000000   0.96446195   2.46859296 103.00000000 
6558.00000000   0.96446195   2.47487437 103.00000000 
6559.00000000   0.96446195   2.48115578 103.00000000 
6560.00000000   0.96446195   2.48743719 103.00000000 
6561.00000000   0.96446195   2.49371859 103.00000000 
6562.00000000   0.96446195   2.50000000 103.00000000 
6563.00000000   0.96446195   1.68888476  40.00000000 
6564.00000000   0.96446195   1.68888476  40.70351759 
6565.00000000   0.96446195   1.68888476  41.40703518 
6566.00000000   0.96446195   1.68888476  42.11055276 
6567.00000000   0.96446195   1.68888476  42.81407035 
6568.00000000   0.96446195   1.68888476  43.51758794 
6569.00000000   0.96446195   1.68888476  44.22110553 
6570.00000000   0.96446195   1.68888476  44.92462312 
6571.00000000   0.96446195   1.68888476  45.62814070 
6572.00000000   0.96446195   1.68888476  46.33165829 
6573.00000000   0.96446195   1.68888476  47.03517588 
6574.00000000   0.96446195   1.68888476  47.73869347 
6575.00000000   0.96446195   1.68888476  48.44221106 
6576.00000000   0.96446195   1.68888476  49.14572864 
6577.00000000   0.96446195   1.68888476  49.84924623 
6578.00000000   0.96446195   1.68888476  50.55276382 
6579.00000000   0.96446195   1.68888476  51.25628141 
6580.00000000   0.96446195   1.68888476  51.95979899 
6581.00000000   0.96446195   1.68888476  52.66331658 
6582.00000000   0.96446195   1.68888476  53.36683417 
6583.00000000   0.96446195   1.68888476  54.07035176 
6584.00000000   0.96446195   1.68888476  54.77386935 
6585.00000000   0.96446195   1.68888476  55.47738693 
6586.00000000   0.96446195   1.68888476  56.18090452 
6587.00000000   0.96446195   1.68888476  56.88442211 
6588.00000000   0.96446195   1.68888476  57.58793970 
6589.00000000   0.96446195   1.68888476  58.29145729 
6590.00000000   0.96446195   1.68888476  58.99497487 
6591.00000000   0.96446195   1.68888476  59.69849246 
6592.00000000   0.96446195   1.68888476  60.40201005 
6593.00000000   0.96446195   1.68888476  61.10552764 
6594.00000000   0.96446195   1.68888476  61.80904523 
6595.00000000   0.96446195   1.68888476  62.51256281 
6596.00000000   0.96446195   1.68888476  63.21608040 
6597.00000000   0.96446195   1.68888476  63.91959799 
6598.00000000   0.96446195   1.68888476  64.62311558 
6599.00000000   0.96446195   1.68888476  65.32663317 
6600.00000000   0.96446195   1.68888476  66.03015075 
6601.00000000   0.96446195   1.68888476  66.73366834 
6602.00000000   0.96446195   1.68888476  67.43718593 
6603.00000000   0.96446195   1.68888476  68.14070352 
6604.00000000   0.96446195   1.68888476  68.84422111 
6605.00000000   0.96446195   1.68888476  69.54773869 
6606.00000000   0.96446195   1.68888476  70.25125628 
6607.00000000   0.96446195   1.68888476  70.95477387 
6608.00000000   0.96446195   1.68888476  71.65829146 
6609.00000000   0.96446195   1.68888476  72.36180905 
6610.00000000   0.96446195   1.68888476  73.06532663 
6611.00000000   0.96446195   1.68888476  73.76884422 
6612.00000000   0.96446195   1.68888476  74.47236181 
6613.00000000   0.96446195   1.68888476  75.17587940 
6614.00000000   0.96446195   1.68888476  75.87939698 
6615.00000000   0.96446195   1.68888476  76.58291457 
6616.00000000   0.96446195   1.68888476  77.28643216 
6617.00000000   0.96446195   1.68888476  77.98994975 
6618.00000000   0.96446195   1.68888476  78.69346734 
6619.00000000   0.96446195   1.68888476  79.39698492 
6620.00000000   0.96446195   1.68888476  80.10050251 
6621.00000000   0.96446195   1.68888476  80.80402010 
6622.00000000   0.96446195   1.68888476  81.50753769 
6623.00000000   0.96446195   1.68888476  82.21105528 
6624.00000000   0.96446195   1.68888476  82.91457286 
6625.00000000   0.96446195   1.68888476  83.61809045 
6626.00000000   0.96446195   1.68888476  84.32160804 
6627.00000000   0.96446195   1.68888476  85.02512563 
6628.00000000   0.96446195   1.68888476  85.72864322 
6629.00000000   0.96446195   1.68888476  86.43216080 
6630.00000000   0.96446195   1.68888476  87.13567839 
6631.00000000   0.96446195   1.68888476  87.83919598 
6632.00000000   0.96446195   1.68888476  88.54271357 
6633.00000000   0.96446195   1.68888476  89.24623116 
6634.00000000   0.96446195   1.68888476  89.94974874 
6635.00000000   0.96446195   1.68888476  90.65326633 
6636.00000000   0.96446195   1.68888476  91.35678392 
6637.00000000   0.96446195   1.68888476  92.06030151 
6638.00000000   0.96446195   1.68888476  92.76381910 
6639.00000000   0.96446195   1.68888476  93.46733668 
6640.00000000   0.96446195   1.68888476  94.17085427 
6641.00000000   0.96446195   1.68888476  94.87437186 
6642.00000000   0.96446195   1.68888476  95.57788945 
6643.00000000   0.96446195   1.68888476  96.28140704 
6644.00000000   0.96446195   1.68888476  96.98492462 
6645.00000000   0.96446195   1.68888476  97.68844221 
6646.00000000   0.96446195   1.68888476  98.39195980 
6647.00000000   0.96446195   1.68888476  99.09547739 
6648.00000000   0.96446195   1.68888476  99.79899497 
6649.00000000   0.96446195   1.68888476 100.50251256 
6650.00000000   0.96446195   1.68888476 101.20603015 
6651.00000000   0.96446195   1.68888476 101.90954774 
6652.00000000   0.96446195   1.68888476 102.61306533 
6653.00000000   0.96446195   1.68888476 103.31658291 
6654.00000000   0.96446195   1.68888476 104.02010050 
6655.00000000   0.96446195   1.68888476 104.72361809 
6656.00000000   0.96446195   1.68888476 105.42713568 
6657.00000000   0.96446195   1.68888476 106.13065327 
6658.00000000   0.96446195   1.68888476 106.83417085 
6659.00000000   0.96446195   1.68888476 107.53768844 
6660.00000000   0.96446195   1.68888476 108.24120603 
6661.00000000   0.96446195   1.68888476 108.94472362 
6662.00000000   0.96446195   1.68888476 109.64824121 
6663.00000000   0.96446195   1.68888476 110.35175879 
6664.00000000   0.96446195   1.68888476 111.05527638 
6665.00000000   0.96446195   1.68888476 111.75879397 
6666.00000000   0.96446195   1.68888476 112.46231156 
6667.00000000   0.96446195   1.68888476 113.16582915 
6668.00000000   0.96446195   1.68888476 113.86934673 
6669.00000000   0.96446195   1.68888476 114.57286432 
6670.00000000   0.96446195   1.68888476 115.27638191 
6671.00000000   0.96446195   1.68888476 115.97989950 
6672.00000000   0.96446195   1.68888476 116.68341709 
6673.00000000   0.96446195   1.68888476 117.38693467 
6674.00000000   0.96446195   1.68888476 118.09045226 
6675.00000000   0.96446195   1.68888476 118.79396985 
6676.00000000   0.96446195   1.68888476 119.49748744 
6677.00000000   0.96446195   1.68888476 120.20100503 
6678.00000000   0.96446195   1.68888476 120.90452261 
6679.00000000   0.96446195   1.68888476 121.60804020 
6680.00000000   0.96446195   1.68888476 122.31155779 
6681.00000000   0.96446195   1.68888476 123.01507538 
6682.00000000   0.96446195   1.68888476 123.71859296 
6683.00000000   0.96446195   1.68888476 124.42211055 
6684.00000000   0.96446195   1.68888476 125.12562814 
6685.00000000   0.96446195   1.68888476 125.82914573 
6686.00000000   0.96446195   1.68888476 126.53266332 
6687.00000000   0.96446195   1.68888476 127.23618090 
6688.00000000   0.96446195   1.68888476 127.93969849 
6689.00000000   0.96446195   1.68888476 128.64321608 
6690.00000000   0.96446195   1.68888476 129.34673367 
6691.00000000   0.96446195   1.68888476 130.05025126 
6692.00000000   0.96446195   1.68888476 130.75376884 
6693.00000000   0.96446195   1.68888476 131.45728643 
6694.00000000   0.96446195   1.68888476 132.16080402 
6695.00000000   0.96446195   1.68888476 132.86432161 
6696.00000000   0.96446195   1.68888476 133.56783920 
6697.00000000   0.96446195   1.68888476 134.27135678 
6698.00000000   0.96446195   1.68888476 134.97487437 
6699.00000000   0.96446195   1.68888476 135.67839196 
6700.00000000   0.96446195   1.68888476 136.38190955 
6701.00000000   0.96446195   1.68888476 137.08542714 
6702.00000000   0.96446195   1.68888476 137.78894472 
6703.00000000   0.96446195   1.68888476 138.49246231 
6704.00000000   0.96446195   1.68888476 139.19597990 
6705.00000000   0.96446195   1.68888476 139.89949749 
6706.00000000   0.96446195   1.68888476 140.60301508 
6707.00000000   0.96446195   1.68888476 141.30653266 
6708.00000000   0.96446195   1.68888476 142.01005025 
6709.00000000   0.96446195   1.68888476 142.71356784 
6710.00000000   0.96446195   1.68888476 143.41708543 
6711.00000000   0.96446195   1.68888476 144.12060302 
6712.00000000   0.96446195   1.68888476 144.82412060 
6713.00000000   0.96446195   1.68888476 145.52763819 
6714.00000000   0.96446195   1.68888476 146.23115578 
6715.00000000   0.96446195   1.68888476 146.93467337 
6716.00000000   0.96446195   1.68888476 147.63819095 
6717.00000000   0.96446195   1.68888476 148.34170854 
6718.00000000   0.96446195   1.68888476 149.04522613 
6719.00000000   0.96446195   1.68888476 149.74874372 
6720.00000000   0.96446195   1.68888476 150.45226131 
6721.00000000   0.96446195   1.68888476 151.15577889 
6722.00000000   0.96446195   1.68888476 151.85929648 
6723.00000000   0.96446195   1.68888476 152.56281407 
6724.00000000   0.96446195   1.68888476 153.26633166 
6725.00000000   0.96446195   1.68888476 153.96984925 
6726.00000000   0.96446195   1.68888476 154.67336683 
6727.00000000   0.96446195   1.68888476 155.37688442 
6728.00000000   0.96446195   1.68888476 156.08040201 
6729.00000000   0.96446195   1.68888476 156.78391960 
6730.00000000   0.96446195   1.68888476 157.48743719 
6731.00000000   0.96446195   1.68888476 158.19095477 
6732.00000000   0.96446195   1.68888476 158.89447236 
6733.00000000   0.96446195   1.68888476 159.59798995 
6734.00000000   0.96446195   1.68888476 160.30150754 
6735.00000000   0.96446195   1.68888476 161.00502513 
6736.00000000   0.96446195   1.68888476 161.70854271 
6737.00000000   0.96446195   1.68888476 162.41206030 
6738.00000000   0.96446195   1.68888476 163.11557789 
6739.00000000   0.96446195   1.68888476 163.81909548 
6740.00000000   0.96446195   1.68888476 164.52261307 
6741.00000000   0.96446195   1.68888476 165.22613065 
6742.00000000   0.96446195   1.68888476 165.92964824 
6743.00000000   0.96446195   1.68888476 166.63316583 
6744.00000000   0.96446195   1.68888476 167.33668342 
6745.00000000   0.96446195   1.68888476 168.04020101 
6746.00000000   0.96446195   1.68888476 168.74371859 
6747.00000000   0.96446195   1.68888476 169.44723618 
6748.00000000   0.96446195   1.68888476 170.15075377 
6749.00000000   0.96446195   1.68888476 170.85427136 
6750.00000000   0.96446195   1.68888476 171.55778894 
6751.00000000   0.96446195   1.68888476 172.26130653 
6752.00000000   0.96446195   1.68888476 172.96482412 
6753.00000000   0.96446195   1.68888476 173.66834171 
6754.00000000   0.96446195   1.68888476 174.37185930 
6755.00000000   0.96446195   1.68888476 175.07537688 
6756.00000000   0.96446195   1.68888476 175.77889447 
6757.00000000   0.96446195   1.68888476 176.48241206 
6758.00000000   0.96446195   1.68888476 177.18592965 
6759.00000000   0.96446195   1.68888476 177.88944724 
6760.00000000   0.96446195   1.68888476 178.59296482 
6761.00000000   0.96446195   1.68888476 179.29648241 