   19 0.96000000 1.68300000 179.99000
   66 0.96000000 1.69300000 179.99000
   67 0.97000000 1.68300000 179.99000
  142 0.96000000 1.67300000 179.99000
  143 0.97000000 1.69300000 179.99000
  144 0.95000000 1.68300000 179.99000
  247 0.96000000 1.70300000 179.99000
  248 0.97000000 1.67300000 179.99000
  249 0.95000000 1.69300000 179.99000
  250 0.98000000 1.68300000 179.99000
  381 0.96000000 1.66300000 179.99000
  382 0.97000000 1.70300000 179.99000
  383 0.95000000 1.67300000 179.99000
  384 0.98000000 1.69300000 179.99000
  385 0.94000000 1.68300000 179.99000
  544 0.96000000 1.73300000 179.99000
  545 0.97000000 1.66300000 179.99000
  546 0.95000000 1.70300000 179.99000
  547 0.98000000 1.67300000 179.99000
  548 0.94000000 1.69300000 179.99000
  549 1.01000000 1.68300000 179.99000
  736 0.96000000 1.63300000 179.99000
  737 0.97000000 1.73300000 179.99000
  738 0.95000000 1.66300000 179.99000
  739 0.98000000 1.70300000 179.99000
  740 0.94000000 1.67300000 179.99000
  741 1.01000000 1.69300000 179.99000
  742 0.91000000 1.68300000 179.99000
  957 0.96000000 1.78300000 179.99000
  958 0.97000000 1.63300000 179.99000
  959 0.95000000 1.73300000 179.99000
  960 0.98000000 1.66300000 179.99000
  961 0.94000000 1.70300000 179.99000
  962 1.01000000 1.67300000 179.99000
  963 0.91000000 1.69300000 179.99000
  964 1.06000000 1.68300000 179.99000
 1207 0.96000000 1.58300000 179.99000
 1208 0.97000000 1.78300000 179.99000
 1209 0.95000000 1.63300000 179.99000
 1210 0.98000000 1.73300000 179.99000
 1211 0.94000000 1.66300000 179.99000
 1212 1.01000000 1.70300000 179.99000
 1213 0.91000000 1.67300000 179.99000
 1214 1.06000000 1.69300000 179.99000
 1215 0.86000000 1.68300000 179.99000
 1486 0.96000000 1.53300000 179.99000
 1487 0.97000000 1.58300000 179.99000
 1488 0.95000000 1.78300000 179.99000
 1489 0.98000000 1.63300000 179.99000
 1490 0.94000000 1.73300000 179.99000
 1491 1.01000000 1.66300000 179.99000
 1492 0.91000000 1.70300000 179.99000
 1493 1.06000000 1.67300000 179.99000
 1494 0.86000000 1.69300000 179.99000
 1495 0.81000000 1.68300000 179.99000
 1794 0.96000000 1.83300000 179.99000
 1795 0.97000000 1.53300000 179.99000
 1796 0.95000000 1.58300000 179.99000
 1797 0.98000000 1.78300000 179.99000
 1798 0.94000000 1.63300000 179.99000
 1799 1.01000000 1.73300000 179.99000
 1800 0.91000000 1.66300000 179.99000
 1801 1.06000000 1.70300000 179.99000
 1802 0.86000000 1.67300000 179.99000
 1803 0.81000000 1.69300000 179.99000
 1804 1.11000000 1.68300000 179.99000
 2131 0.96000000 1.88300000 179.99000
 2132 0.97000000 1.83300000 179.99000
 2133 0.95000000 1.53300000 179.99000
 2134 0.98000000 1.58300000 179.99000
 2135 0.94000000 1.78300000 179.99000
 2136 1.01000000 1.63300000 179.99000
 2137 0.91000000 1.73300000 179.99000
 2138 1.06000000 1.66300000 179.99000
 2139 0.86000000 1.70300000 179.99000
 2140 0.81000000 1.67300000 179.99000
 2141 1.11000000 1.69300000 179.99000
 2142 1.16000000 1.68300000 179.99000
 2497 0.96000000 1.48300000 179.99000
 2498 0.97000000 1.88300000 179.99000
 2499 0.95000000 1.83300000 179.99000
 2500 0.98000000 1.53300000 179.99000
 2501 0.94000000 1.58300000 179.99000
 2502 1.01000000 1.78300000 179.99000
 2503 0.91000000 1.63300000 179.99000
 2504 1.06000000 1.73300000 179.99000
 2505 0.86000000 1.66300000 179.99000
 2506 0.81000000 1.70300000 179.99000
 2507 1.11000000 1.67300000 179.99000
 2508 1.16000000 1.69300000 179.99000
 2509 0.76000000 1.68300000 179.99000
 2892 0.96000000 1.93300000 179.99000
 2893 0.97000000 1.48300000 179.99000
 2894 0.95000000 1.88300000 179.99000
 2895 0.98000000 1.83300000 179.99000
 2896 0.94000000 1.53300000 179.99000
 2897 1.01000000 1.58300000 179.99000
 2898 0.91000000 1.78300000 179.99000
 2899 1.06000000 1.63300000 179.99000
 2900 0.86000000 1.73300000 179.99000
 2901 0.81000000 1.66300000 179.99000
 2902 1.11000000 1.70300000 179.99000
 2903 1.16000000 1.67300000 179.99000
 2904 0.76000000 1.69300000 179.99000
 2905 1.26000000 1.68300000 179.99000
 3316 0.96000000 1.38300000 179.99000
 3317 0.97000000 1.93300000 179.99000
 3318 0.95000000 1.48300000 179.99000
 3319 0.98000000 1.88300000 179.99000
 3320 0.94000000 1.83300000 179.99000
 3321 1.01000000 1.53300000 179.99000
 3322 0.91000000 1.58300000 179.99000
 3323 1.06000000 1.78300000 179.99000
 3324 0.86000000 1.63300000 179.99000
 3325 0.81000000 1.73300000 179.99000
 3326 1.11000000 1.66300000 179.99000
 3327 1.16000000 1.70300000 179.99000
 3328 0.76000000 1.67300000 179.99000
 3329 1.26000000 1.69300000 179.99000
 3330 0.71000000 1.68300000 179.99000
 3769 0.96000000 2.08300000 179.99000
 3770 0.97000000 1.38300000 179.99000
 3771 0.95000000 1.93300000 179.99000
 3772 0.98000000 1.48300000 179.99000
 3773 0.94000000 1.88300000 179.99000
 3774 1.01000000 1.83300000 179.99000
 3775 0.91000000 1.53300000 179.99000
 3776 1.06000000 1.58300000 179.99000
 3777 0.86000000 1.78300000 179.99000
 3778 0.81000000 1.63300000 179.99000
 3779 1.11000000 1.73300000 179.99000
 3780 1.16000000 1.66300000 179.99000
 3781 0.76000000 1.70300000 179.99000
 3782 1.26000000 1.67300000 179.99000
 3783 0.71000000 1.69300000 179.99000
 3784 1.36000000 1.68300000 179.99000
 4251 0.96000000 1.33300000 179.99000
 4252 0.97000000 2.08300000 179.99000
 4253 0.95000000 1.38300000 179.99000
 4254 0.98000000 1.93300000 179.99000
 4255 0.94000000 1.48300000 179.99000
 4256 1.01000000 1.88300000 179.99000
 4257 0.91000000 1.83300000 179.99000
 4258 1.06000000 1.53300000 179.99000
 4259 0.86000000 1.58300000 179.99000
 4260 0.81000000 1.78300000 179.99000
 4261 1.11000000 1.63300000 179.99000
 4262 1.16000000 1.73300000 179.99000
 4263 0.76000000 1.66300000 179.99000
 4264 1.26000000 1.70300000 179.99000
 4265 0.71000000 1.67300000 179.99000
 4266 1.36000000 1.69300000 179.99000
 4267 0.66000000 1.68300000 179.99000
 4762 0.96000000 2.18300000 179.99000
 4763 0.97000000 1.33300000 179.99000
 4764 0.95000000 2.08300000 179.99000
 4765 0.98000000 1.38300000 179.99000
 4766 0.94000000 1.93300000 179.99000
 4767 1.01000000 1.48300000 179.99000
 4768 0.91000000 1.88300000 179.99000
 4769 1.06000000 1.83300000 179.99000
 4770 0.86000000 1.53300000 179.99000
 4771 0.81000000 1.58300000 179.99000
 4772 1.11000000 1.78300000 179.99000
 4773 1.16000000 1.63300000 179.99000
 4774 0.76000000 1.73300000 179.99000
 4775 1.26000000 1.66300000 179.99000
 4776 0.71000000 1.70300000 179.99000
 4777 1.36000000 1.67300000 179.99000
 4778 0.66000000 1.69300000 179.99000
 4779 1.46000000 1.68300000 179.99000
 5302 0.96000000 2.28300000 179.99000
 5303 0.97000000 2.18300000 179.99000
 5304 0.95000000 1.33300000 179.99000
 5305 0.98000000 2.08300000 179.99000
 5306 0.94000000 1.38300000 179.99000
 5307 1.01000000 1.93300000 179.99000
 5308 0.91000000 1.48300000 179.99000
 5309 1.06000000 1.88300000 179.99000
 5310 0.86000000 1.83300000 179.99000
 5311 0.81000000 1.53300000 179.99000
 5312 1.11000000 1.58300000 179.99000
 5313 1.16000000 1.78300000 179.99000
 5314 0.76000000 1.63300000 179.99000
 5315 1.26000000 1.73300000 179.99000
 5316 0.71000000 1.66300000 179.99000
 5317 1.36000000 1.70300000 179.99000
 5318 0.66000000 1.67300000 179.99000
 5319 1.46000000 1.69300000 179.99000
 5320 1.56000000 1.68300000 179.99000
 5872 0.97000000 2.28300000 179.99000
 5873 0.95000000 2.18300000 179.99000
 5874 0.98000000 1.33300000 179.99000
 5875 0.94000000 2.08300000 179.99000
 5876 1.01000000 1.38300000 179.99000
 5877 0.91000000 1.93300000 179.99000
 5878 1.06000000 1.48300000 179.99000
 5879 0.86000000 1.88300000 179.99000
 5880 0.81000000 1.83300000 179.99000
 5881 1.11000000 1.53300000 179.99000
 5882 1.16000000 1.58300000 179.99000
 5883 0.76000000 1.78300000 179.99000
 5884 1.26000000 1.63300000 179.99000
 5885 0.71000000 1.73300000 179.99000
 5886 1.36000000 1.66300000 179.99000
 5887 0.66000000 1.70300000 179.99000
 5888 1.46000000 1.67300000 179.99000
 5889 1.56000000 1.69300000 179.99000
 5890 1.76000000 1.68300000 179.99000
 6471 0.95000000 2.28300000 179.99000
 6472 0.98000000 2.18300000 179.99000
 6473 0.94000000 1.33300000 179.99000
 6474 1.01000000 2.08300000 179.99000
 6475 0.91000000 1.38300000 179.99000
 6476 1.06000000 1.93300000 179.99000
 6477 0.86000000 1.48300000 179.99000
 6478 0.81000000 1.88300000 179.99000
 6479 1.11000000 1.83300000 179.99000
 6480 1.16000000 1.53300000 179.99000
 6481 0.76000000 1.58300000 179.99000
 6482 1.26000000 1.78300000 179.99000
 6483 0.71000000 1.63300000 179.99000
 6484 1.36000000 1.73300000 179.99000
 6485 0.66000000 1.66300000 179.99000
 6486 1.46000000 1.70300000 179.99000
 6487 1.56000000 1.67300000 179.99000
 6488 1.76000000 1.69300000 179.99000
 6489 1.96000000 1.68300000 179.99000
 7099 0.98000000 2.28300000 179.99000
 7100 0.94000000 2.18300000 179.99000
 7101 1.01000000 1.33300000 179.99000
 7102 0.91000000 2.08300000 179.99000
 7103 1.06000000 1.38300000 179.99000
 7104 0.86000000 1.93300000 179.99000
 7105 0.81000000 1.48300000 179.99000
 7106 1.11000000 1.88300000 179.99000
 7107 1.16000000 1.83300000 179.99000
 7108 0.76000000 1.53300000 179.99000
 7109 1.26000000 1.58300000 179.99000
 7110 0.71000000 1.78300000 179.99000
 7111 1.36000000 1.63300000 179.99000
 7112 0.66000000 1.73300000 179.99000
 7113 1.46000000 1.66300000 179.99000
 7114 1.56000000 1.70300000 179.99000
 7115 1.76000000 1.67300000 179.99000
 7116 1.96000000 1.69300000 179.99000
 7117 2.16000000 1.68300000 179.99000
 7756 0.94000000 2.28300000 179.99000
 7757 1.01000000 2.18300000 179.99000
 7758 0.91000000 1.33300000 179.99000
 7759 1.06000000 2.08300000 179.99000
 7760 0.86000000 1.38300000 179.99000
 7761 0.81000000 1.93300000 179.99000
 7762 1.11000000 1.48300000 179.99000
 7763 1.16000000 1.88300000 179.99000
 7764 0.76000000 1.83300000 179.99000
 7765 1.26000000 1.53300000 179.99000
 7766 0.71000000 1.58300000 179.99000
 7767 1.36000000 1.78300000 179.99000
 7768 0.66000000 1.63300000 179.99000
 7769 1.46000000 1.73300000 179.99000
 7770 1.56000000 1.66300000 179.99000
 7771 1.76000000 1.70300000 179.99000
 7772 1.96000000 1.67300000 179.99000
 7773 2.16000000 1.69300000 179.99000
 8437 0.96000000 3.28300000 179.99000
 8438 0.97000000 3.18300000 179.99000
 8442 1.01000000 2.28300000 179.99000
 8443 0.91000000 2.18300000 179.99000
 8444 1.06000000 1.33300000 179.99000
 8445 0.86000000 2.08300000 179.99000
 8446 0.81000000 1.38300000 179.99000
 8447 1.11000000 1.93300000 179.99000
 8448 1.16000000 1.48300000 179.99000
 8449 0.76000000 1.88300000 179.99000
 8450 1.26000000 1.83300000 179.99000
 8451 0.71000000 1.53300000 179.99000
 8452 1.36000000 1.58300000 179.99000
 8453 0.66000000 1.78300000 179.99000
 8454 1.46000000 1.63300000 179.99000
 8455 1.56000000 1.73300000 179.99000
 8456 1.76000000 1.66300000 179.99000
 8457 1.96000000 1.70300000 179.99000
 9151 0.96000000 3.48300000 179.99000
 9153 0.95000000 3.18300000 179.99000
 9157 0.91000000 2.28300000 179.99000
 9158 1.06000000 2.18300000 179.99000
 9159 0.86000000 1.33300000 179.99000
 9160 0.81000000 2.08300000 179.99000
 9161 1.11000000 1.38300000 179.99000
 9162 1.16000000 1.93300000 179.99000
 9163 0.76000000 1.48300000 179.99000
 9164 1.26000000 1.88300000 179.99000
 9165 0.71000000 1.83300000 179.99000
 9166 1.36000000 1.53300000 179.99000
 9167 0.66000000 1.58300000 179.99000
 9168 1.46000000 1.78300000 179.99000
 9169 1.56000000 1.63300000 179.99000
 9170 1.76000000 1.73300000 179.99000
 9171 1.96000000 1.66300000 179.99000
 9173 2.46000000 1.67300000 179.99000
 9858 0.97000000 3.48300000 179.99000
 9860 0.98000000 3.18300000 179.99000
 9862 1.01000000 2.68300000 179.99000
 9863 0.91000000 2.48300000 179.99000
 9864 1.06000000 2.28300000 179.99000
 9865 0.86000000 2.18300000 179.99000
 9866 0.81000000 1.33300000 179.99000
 9867 1.11000000 2.08300000 179.99000
 9868 1.16000000 1.38300000 179.99000
 9869 0.76000000 1.93300000 179.99000
 9870 1.26000000 1.48300000 179.99000
 9871 0.71000000 1.88300000 179.99000
 9872 1.36000000 1.83300000 179.99000
 9873 0.66000000 1.53300000 179.99000
 9874 1.46000000 1.58300000 179.99000
 9875 1.56000000 1.78300000 179.99000
 9876 1.76000000 1.63300000 179.99000
 9877 1.96000000 1.73300000 179.99000
 9878 2.16000000 1.66300000 179.99000
10536 0.95000000 3.48300000 179.99000
10541 1.06000000 2.48300000 179.99000
10542 0.86000000 2.28300000 179.99000
10543 0.81000000 2.18300000 179.99000
10544 1.11000000 1.33300000 179.99000
10545 1.16000000 2.08300000 179.99000
10546 0.76000000 1.38300000 179.99000
10547 1.26000000 1.93300000 179.99000
10548 0.71000000 1.48300000 179.99000
10549 1.36000000 1.88300000 179.99000
10550 0.66000000 1.83300000 179.99000
10551 1.46000000 1.53300000 179.99000
10552 1.56000000 1.58300000 179.99000
10553 1.76000000 1.78300000 179.99000
10554 1.96000000 1.63300000 179.99000
10558 2.76000000 1.67300000 179.99000
11185 0.98000000 3.48300000 179.99000
11187 1.01000000 3.18300000 179.99000
11191 0.81000000 2.28300000 179.99000
11192 1.11000000 2.18300000 179.99000
11193 1.16000000 1.33300000 179.99000
11194 0.76000000 2.08300000 179.99000
11195 1.26000000 1.38300000 179.99000
11196 0.71000000 1.93300000 179.99000
11197 1.36000000 1.48300000 179.99000
11198 0.66000000 1.88300000 179.99000
11199 1.46000000 1.83300000 179.99000
11200 1.56000000 1.53300000 179.99000
11201 1.76000000 1.58300000 179.99000
11202 1.96000000 1.78300000 179.99000
11806 1.01000000 3.28300000 179.99000
11808 1.06000000 2.88300000 179.99000
11809 0.86000000 2.68300000 179.99000
11811 1.11000000 2.28300000 179.99000
11812 1.16000000 2.18300000 179.99000
11813 0.76000000 1.33300000 179.99000
11814 1.26000000 2.08300000 179.99000
11815 0.71000000 1.38300000 179.99000
11816 1.36000000 1.93300000 179.99000
11817 0.66000000 1.48300000 179.99000
11818 1.46000000 1.88300000 179.99000
11819 1.56000000 1.83300000 179.99000
11820 1.76000000 1.53300000 179.99000
11822 2.16000000 1.78300000 179.99000
11825 2.76000000 1.66300000 179.99000
12396 1.01000000 3.48300000 179.99000
12397 0.91000000 3.28300000 179.99000
12398 1.06000000 3.18300000 179.99000
12401 1.11000000 2.48300000 179.99000
12402 1.16000000 2.28300000 179.99000
12403 0.76000000 2.18300000 179.99000
12404 1.26000000 1.33300000 179.99000
12405 0.71000000 2.08300000 179.99000
12406 1.36000000 1.38300000 179.99000
12407 0.66000000 1.93300000 179.99000
12408 1.46000000 1.48300000 179.99000
12409 1.56000000 1.88300000 179.99000
12410 1.76000000 1.83300000 179.99000
12411 1.96000000 1.53300000 179.99000
12959 1.06000000 3.28300000 179.99000
12964 0.76000000 2.28300000 179.99000
12965 1.26000000 2.18300000 179.99000
12966 0.71000000 1.33300000 179.99000
12967 1.36000000 2.08300000 179.99000
12968 0.66000000 1.38300000 179.99000
12969 1.46000000 1.93300000 179.99000
12970 1.56000000 1.48300000 179.99000
12971 1.76000000 1.88300000 179.99000
12972 1.96000000 1.83300000 179.99000
12973 2.16000000 1.53300000 179.99000
13491 1.06000000 3.48300000 179.99000
13492 0.86000000 3.28300000 179.99000
13493 0.81000000 3.18300000 179.99000
13494 1.11000000 2.88300000 179.99000
13497 1.26000000 2.28300000 179.99000
13498 0.71000000 2.18300000 179.99000
13499 1.36000000 1.33300000 179.99000
13500 0.66000000 2.08300000 179.99000
13501 1.46000000 1.38300000 179.99000
13502 1.56000000 1.93300000 179.99000
13503 1.76000000 1.48300000 179.99000
13504 1.96000000 1.88300000 179.99000
13506 2.46000000 1.53300000 179.99000
13507 2.56000000 1.58300000 179.99000
13995 0.86000000 3.48300000 179.99000
13996 0.81000000 3.28300000 179.99000
13997 1.11000000 3.18300000 179.99000
13998 1.16000000 2.88300000 179.99000
13999 0.76000000 2.68300000 179.99000
14000 1.26000000 2.48300000 179.99000
14001 0.71000000 2.28300000 179.99000
14002 1.36000000 2.18300000 179.99000
14003 0.66000000 1.33300000 179.99000
14004 1.46000000 2.08300000 179.99000
14005 1.56000000 1.38300000 179.99000
14006 1.76000000 1.93300000 179.99000
14009 2.46000000 1.83300000 179.99000
14470 0.81000000 3.48300000 179.99000
14471 1.11000000 3.28300000 179.99000
14472 1.16000000 3.18300000 179.99000
14474 1.26000000 2.68300000 179.99000
14475 0.71000000 2.48300000 179.99000
14476 1.36000000 2.28300000 179.99000
14478 1.46000000 1.33300000 179.99000
14479 1.56000000 2.08300000 179.99000
14480 1.76000000 1.38300000 179.99000
14481 1.96000000 1.93300000 179.99000
14482 2.16000000 1.48300000 179.99000
14483 2.46000000 1.88300000 179.99000
14485 2.76000000 1.53300000 179.99000
14916 1.11000000 3.48300000 179.99000
14917 1.16000000 3.28300000 179.99000
14918 0.76000000 3.18300000 179.99000
14919 1.26000000 2.88300000 179.99000
14921 1.36000000 2.48300000 179.99000
14923 1.46000000 2.18300000 179.99000
14924 1.56000000 1.33300000 179.99000
14925 1.76000000 2.08300000 179.99000
14926 1.96000000 1.38300000 179.99000
14927 2.16000000 1.93300000 179.99000
14929 2.56000000 1.88300000 179.99000
15333 1.16000000 3.48300000 179.99000
15334 0.76000000 3.28300000 179.99000
15335 1.26000000 3.18300000 179.99000
15337 1.36000000 2.68300000 179.99000
15339 1.46000000 2.28300000 179.99000
15340 1.56000000 2.18300000 179.99000
15341 1.76000000 1.33300000 179.99000
15342 1.96000000 2.08300000 179.99000
15344 2.46000000 1.93300000 179.99000
15345 2.56000000 1.48300000 179.99000
15721 0.76000000 3.48300000 179.99000
15722 1.26000000 3.28300000 179.99000
15724 1.36000000 2.88300000 179.99000
15726 1.46000000 2.48300000 179.99000
15727 1.56000000 2.28300000 179.99000
15728 1.76000000 2.18300000 179.99000
15730 2.16000000 2.08300000 179.99000
15731 2.46000000 1.38300000 179.99000
15733 2.76000000 1.48300000 179.99000
16080 1.26000000 3.48300000 179.99000
16082 1.36000000 3.18300000 179.99000
16084 1.46000000 2.68300000 179.99000
16085 1.56000000 2.48300000 179.99000
16086 1.76000000 2.28300000 179.99000
16087 1.96000000 2.18300000 179.99000
16089 2.46000000 2.08300000 179.99000
16090 2.56000000 1.38300000 179.99000
16091 2.76000000 1.93300000 179.99000
16411 1.36000000 3.28300000 179.99000
16413 1.46000000 2.88300000 179.99000
16414 1.56000000 2.68300000 179.99000
16415 1.76000000 2.48300000 179.99000
16416 1.96000000 2.28300000 179.99000
16417 2.16000000 2.18300000 179.99000
16418 2.46000000 1.33300000 179.99000
16419 2.56000000 2.08300000 179.99000
16420 2.76000000 1.38300000 179.99000
16711 1.36000000 3.48300000 179.99000
16712 0.66000000 3.28300000 179.99000
16713 1.46000000 3.18300000 179.99000
16714 1.56000000 2.88300000 179.99000
16715 1.76000000 2.68300000 179.99000
16716 1.96000000 2.48300000 179.99000
16717 2.16000000 2.28300000 179.99000
16718 2.46000000 2.18300000 179.99000
16983 0.66000000 3.48300000 179.99000
16984 1.46000000 3.28300000 179.99000
16985 1.56000000 3.18300000 179.99000
16987 1.96000000 2.68300000 179.99000
16988 2.16000000 2.48300000 179.99000
16991 2.76000000 1.33300000 179.99000
17226 1.46000000 3.48300000 179.99000
17227 1.56000000 3.28300000 179.99000
17229 1.96000000 2.88300000 179.99000
17783 2.46000000 3.18300000 179.99000
17784 2.56000000 2.88300000 179.99000
17909 2.46000000 3.28300000 179.99000
17910 2.56000000 3.18300000 179.99000
17911 2.76000000 2.88300000 179.99000
18007 2.56000000 3.28300000 179.99000
18008 2.76000000 3.18300000 179.99000
18076 2.76000000 3.28300000 179.99000
